30 17 5
1 1 2 0 3 1 1 1 1 1 1 1 1 1 1 1 1 1 1 1 1 1 1 1 1 1 1 1 1 1
1 1 2 0 3 1 1 1 1 1 1 1 1 1 1 1 1 1 1 1 1 1 1 1 1 1 1 1 1 1
1 1 2 0 3 1 1 1 1 1 1 1 1 1 1 1 1 1 1 1 1 1 1 1 1 1 1 1 1 1
1 1 2 0 a 4 4 4 4 4 4 4 4 4 4 4 4 4 4 4 4 4 4 4 4 4 4 4 4 4
1 1 2 0 9 5 5 5 5 5 5 5 5 5 5 5 5 5 5 5 5 5 5 5 5 5 5 5 5 5
1 1 2 0 3 1 1 1 1 1 1 1 1 1 1 1 1 1 1 1 1 1 1 1 1 1 1 1 1 1
1 1 2 0 3 1 1 1 1 1 1 1 1 1 1 1 1 1 1 1 1 1 1 1 1 1 1 1 1 1
1 1 2 0 3 1 1 1 c 4 4 4 4 4 4 4 4 4 4 4 4 4 4 4 4 4 4 d 1 1
1 1 2 0 3 1 1 1 2 0 0 0 0 0 0 0 0 0 0 0 0 0 0 0 0 0 0 3 1 1
1 1 2 0 3 1 1 1 2 0 9 5 5 5 5 5 5 5 5 5 5 5 5 5 5 8 0 3 1 1
1 1 2 0 3 1 1 1 2 0 3 1 1 1 1 1 1 1 1 1 1 1 1 1 1 2 0 3 1 1
1 1 2 0 3 1 1 1 2 0 3 1 1 1 1 1 1 1 1 1 1 1 1 1 1 2 0 3 1 1
1 1 2 0 3 1 1 1 2 0 3 1 1 1 1 1 1 1 1 1 1 1 1 1 1 2 0 3 1 1
1 1 2 0 a 4 4 4 b 0 3 1 1 1 1 1 1 1 1 1 1 1 1 1 1 2 0 3 1 1
1 1 2 0 0 0 0 0 0 0 3 1 1 1 1 1 1 1 1 1 1 1 1 1 1 2 0 3 1 1
1 1 6 5 5 5 5 5 5 5 7 1 1 1 1 1 1 1 1 1 1 1 1 1 1 2 0 3 1 1
1 1 1 1 1 1 1 1 1 1 1 1 1 1 1 1 1 1 1 1 1 1 1 1 1 2 0 3 1 1
Target 25 14 3 3 200
NormalSpawner 2 0 3 3 100 90 20
SmallerSpawner 28 3 2 2 150 300 10
TankerSpawner 2 0 3 3 200 600 5
BossSpawner 2 0 3 3 600 700 2